-8.500037918986245700e+01 -8.590710856413919316e+01 -6.676598899343841254e+01
-7.746212277214951314e+01 -8.904643973318141548e+01 -1.590641790702345020e+02
-8.698660605676188595e+01 -8.363897858244931172e+01 -1.747136004914210901e+02
-9.085700267451004208e+01 -7.498125526209511804e+01 -1.704337627908128070e+02
-5.143242304267933207e+01 -6.863866112313390033e+01 -5.464876175836584338e+01
-6.093007493086503246e+01 -6.304592517789198780e+01 -1.606552837008233610e+02
-6.702357779192760745e+01 -5.397109203753976203e+01 -9.681541395272022044e+01
-6.299736831731152620e+01 -6.106409991326837883e+01 -4.269467810248095674e+01
-7.527856477799194579e+01 -7.503352850682193775e+01 -6.240826017707308893e+01
-6.874900074679820250e+01 -8.344789307990785687e+01 -1.737354319809949459e+02
-9.336001750711493230e+01 -7.892266091813625906e+01 -9.614527173758894207e+01
-8.359753702787598684e+01 -6.892254669883777751e+01 -1.727232525444031239e+02
-6.018772111972686645e+01 -6.114564198487059343e+01 -4.635158090464518921e+01
-5.434362633836089884e+01 -6.654778797989304451e+01 -1.692764032553760103e+02
-6.930883985594350349e+01 -5.928901171661863856e+01 -8.717006224416499549e+01
-6.541049580818405218e+01 -5.330780055909155379e+01 -5.437125254665512131e+01
-4.051472144746887949e+01 -5.262876880229888599e+01 -1.481564970149921976e+02
-4.707014857173045641e+01 -4.770617506909070471e+01 -1.689055588096816791e+02
-5.283814586476581354e+01 -4.118532765488210856e+01 -7.742780329673290396e+01
-4.749654337902121881e+01 -4.705173088246940694e+01 -3.317602787468663195e+01
-3.141045461207475142e+01 -3.173750794201057346e+01 -1.586989149019085588e+01
-2.403121912107930669e+01 -3.844433230601462270e+01 -4.884489096238196737e+01
-3.168488514839286196e+01 -3.239124332229195602e+01 -5.664419254833753570e+01
-3.800484861309645623e+01 -2.344944442337375179e+01 -2.520339734600872461e+01
-8.692457825166700403e+00 -2.448199250645262737e+01 -1.489185523566401343e+02
-1.715382645144737594e+01 -1.969732114600425632e+01 -1.702106370242505022e+02
-2.571733912745298412e+01 -1.068052047189546805e+01 -5.279918909043862385e+01
-1.857919371260869212e+01 -1.770434013321461819e+01 -3.443048246401091417e-01
1.833927834662811618e+00 7.694608808136644829e-01 1.998667663453783305e+01
1.043188468410519576e+01 -8.253381935030851935e+00 -2.211332040775003804e+01
-1.809173783627715304e+00 1.885852588602535462e+00 -3.126015636366402717e+01
-6.876610503250069506e+00 1.135258598712051814e+01 -4.437926960162649870e+00
2.881759831666207106e+01 1.057199208121709333e+01 -1.414576672492023306e+02
1.987676680336583601e+01 1.575514700306611893e+01 -1.699139608443773852e+02
6.956266132285967352e+00 2.828376099504399122e+01 -2.233236992632457074e+01
1.796849339289670411e+01 1.943058205688879880e+01 3.790460252058432644e+01
4.275699074703288716e+01 2.147576090678880334e+01 -1.451689200716751884e+02
3.267767082214871266e+01 -1.798696794155477896e+00 -3.295066776071791281e+01
1.991490319803770603e+01 4.124403006491024115e+01 -1.114117151782923187e+01
3.076414935861730626e+01 3.331618308520882721e+01 5.155957000585637928e+01
5.713106494465199603e+01 3.455474166142919046e+01 -1.425870444470571670e+02
-1.142174188279467018e+01 4.793448415691251796e+01 -3.382821624669210792e+01
3.499180592967101688e+01 5.850026723273570894e+01 -1.556268613047187159e+02
4.842620132606457872e+01 4.623118907463818061e+01 7.411332250516403519e+01
9.324699535556040075e+01 8.656791042584303852e+01 -1.667038379955689322e+02
7.076150981003907248e+01 1.067582823795847133e+02 4.958311290449676889e+00
9.134032220912199307e+01 9.243058421129390467e+01 1.261763087950374995e+02
1.113180851825602531e+02 7.978996865571060937e+01 -1.342830484665395829e+02
1.158678469943405815e+02 3.501813433669126141e+01 1.207361640905719513e+00
8.342455928293864531e+01 1.288984898969267476e+02 -1.652846111942600373e+02
1.107016128435618754e+02 1.145046007655666642e+02 1.525410107459022981e+02
1.340860250625316041e+02 8.767149678839041371e+01 -1.326497981942690387e+02
2.043396502674574435e+02 1.634705957448162223e+02 1.161092279742427422e+02
1.753990894558999116e+02 1.830516405866275704e+02 -1.415559517227292758e+02
1.634543373846361192e+02 2.040714326148682858e+02 1.361780277718994228e+02
1.825889228980601899e+02 1.824948636295406175e+02 2.262706359124714481e+02
-5.247315110289626006e+01 -5.800685930335309592e+01 -3.576276556740646129e+01
-5.104911689811716258e+01 -6.390236763164045186e+01 -6.329588994418561754e+01
-7.686561573160246041e+01 -5.075197542865297606e+01 -1.815191586899733807e+02
-6.013856066688113344e+01 -4.440541698392478764e+01 -1.741926252435577283e+02
-2.848636562019906293e+01 -3.557230694340879751e+01 -8.473554665492221361e+00
-2.603359917511179944e+01 -4.298469480527203501e+01 -4.323536642996703705e+01
-5.431196173291434803e+01 -2.429080957787202522e+01 -1.691523802020064693e+02
-3.176654523842055511e+01 -1.550005965231125948e+01 -1.691036812180172433e+02
-6.762697080119246529e+00 -7.728562107975380790e+00 2.109804379009574404e+01
-1.809540402118959079e+01 -2.723409259974873464e+01 1.915318723162055203e+00
-5.323467246545266818e+00 -3.250204255864908021e+01 -1.724944990510064144e+02
-1.194177565689967935e+01 7.273237520779702869e+00 -1.693582500806419660e+02
-3.984094934842928382e+01 -5.439453974748628440e+01 -1.524279742282897132e+02
-4.950648650983552557e+01 -8.472376208015781174e+01 -9.885503189712548533e+01
-5.399840107062238559e+01 -4.044846283355155236e+01 -1.633082247923665022e+02
-4.925499253333999405e+01 -4.992820115503224088e+01 -3.219605210329429923e+01
-1.763928526261837959e+01 -2.535592046978612402e+01 -1.502494311329773495e+02
-4.248832119835078203e+01 -2.326010316700496006e+01 -7.566938962799703461e+01
-2.536128520012467646e+01 -1.618948118512366108e+01 -1.642865743981991500e+02
-2.394368800689972687e+01 -2.424337641426454582e+01 -8.491269775659478825e+00
7.770320337921998721e+00 -8.084726767135667069e-01 -1.379311249921073568e+02
-3.055676340428080096e+01 3.298529235735619292e+00 -7.169845575654770187e+01
-6.647285219950193058e-01 8.354118705548131629e+00 -1.631007714152078165e+02
2.646484919917919676e+00 2.157029357534388847e+00 9.900778064187424121e+00
3.703800192987006312e+01 2.392206938743709088e+01 -1.346192204482872796e+02
-3.258435972464938857e+01 2.998445648658260865e+01 -6.108340075734110997e+01
2.383704368102701565e+01 3.694637842200518918e+01 -1.601033921888290763e+02
2.977615598794440999e+01 2.954698097425724512e+01 4.029016080218703166e+01
6.863325147996123121e+01 6.928659933763884737e+01 8.487450253071719430e+01
7.839567545181523656e+01 6.179206574590487833e+01 3.283802136766137636e+01
6.920027132429140693e+01 6.919261716247494576e+01 -1.517333971098613858e+02
5.996827081151869265e+01 7.747773889072311704e+01 -1.708770533544408465e+02
1.097144044993558083e+02 1.104705687404073871e+02 1.264892013065130527e+02
1.235617632506736498e+02 9.870813275300999123e+01 -1.380826070518192807e+02
3.425184481143629256e+01 1.100597966648191317e+02 1.512284076314483361e+00
9.862910454762130996e+01 1.220261164253748376e+02 -1.468912464957527959e+02
1.908994065206256323e+02 1.583816597156080661e+02 1.887774334168803705e+02
1.762938698962987303e+02 1.762971551935375203e+02 -1.357386111487634821e+02
1.577517198110360255e+02 1.941488724770558747e+02 7.075197756388929804e+01
1.766543472265423986e+02 1.756395959867850536e+02 2.156092507788144417e+02
